 22222
 222222222
 2222222222


 3333'
 3333
 3333333
4444
4444
4444
4444
4444
4444
4444
4444
4444
4444
4444
4444
4444
4444
4444
4444
4444
4444
4444
4444
4444
4444
4444
4444
4444
4444
4444
4444
4444
4444
4444
4444
4444
4444
4444
4444
4444
4444
4444
4444
4444
4444
4444
4444
4444
4444
4444
4444
4444
4444
4444
4444
4444
4444
4444
4444
4444
4444
4444
4444
4444
4444
4444
4444
4444
4444
4444
4444
4444
4444
4444
4444
4444
4444
4444
4444
4444
4444
4444
4444
4444
4444
4444
4444
4444
4444
4444
4444
4444
4444
4444
4444
4444
4444
4444
4444
4444
4444
4444
4444
4444
4444
4444
4444
4444
4444
4444
4444
4444
4444
4444
4444
4444
4444
4444
4444
4444
4444
4444
4444
4444
4444
4444
4444
4444
4444
4444
4444
4444
4444
4444
4444

